0.1 0.32400000000000007
0.32400000000000007 0.7884864000000001
0.7884864000000001 0.6003921492541437
0.6003921492541437 0.8637170989252815
0.8637170989252815 0.4237555390177572
0.4237555390177572 0.8790724158102982
0.8790724158102982 0.3826947728582799
0.3826947728582799 0.8504621412668261
0.8504621412668261 0.4578346351392165
0.4578346351392165 0.8935994952221652
0.8935994952221652 0.3422859744990843
0.3422859744990843 0.8104546301770675
0.8104546301770675 0.5530245213658328
0.5530245213658328 0.8898782404821277
0.8898782404821277 0.3527818473548167
0.3527818473548167 0.8219765359142622
0.8219765359142622 0.5267919971543465
0.5267919971543465 0.8974158799985333
0.8974158799985333 0.33141822596996884
0.33141822596996884 0.797688667673595
0.797688667673595 0.5809732456993917
0.5809732456993917 0.8763960005312615
0.8763960005312615 0.38997378282265405
0.38997378282265405 0.8564192335211166
0.8564192335211166 0.44267518791439114
0.44267518791439114 0.8881699173096588
0.8881699173096588 0.3575668150649256
0.3575668150649256 0.8269660361853033
0.8269660361853033 0.5151355602525755
0.5151355602525755 0.8991752933370264
0.8991752933370264 0.32637270668147617
0.32637270668147617 0.79147282685358
0.79147282685358 0.5941569283415388
0.5941569283415388 0.8680841022430309
0.8680841022430309 0.4122507372333911
0.4122507372333911 0.8722802407820999
0.8722802407820999 0.4010667203635983
0.4010667203635983 0.8647639422493881
0.8647639422493881 0.42101015916486617
0.42101015916486617 0.8775381781614248
0.8775381781614248 0.38687372650998825
0.38687372650998825 0.8539288064865471
0.8539288064865471 0.44904383978042983
0.44904383978042983 0.890652491048439
0.890652491048439 0.3506062724555374
0.3506062724555374 0.819653451013335
0.819653451013335 0.5321580165189557
0.5321580165189557 0.8962771031048397
0.8962771031048397 0.3346720471974106
0.3346720471974106 0.8016000048795772
0.8016000048795772 0.5725347734039006
0.5725347734039006 0.8810593439300813
0.8810593439300813 0.37725759505287354
0.37725759505287354 0.8457634873000642
0.8457634873000642 0.469611399060354
0.469611399060354 0.8966755185585514
0.8966755185585514 0.33353471871469553
0.33353471871469553 0.8002415164557761
0.8002415164557761 0.5754781144668093
0.5754781144668093 0.879490995251527
0.879490995251527 0.3815517042828199
0.3815517042828199 0.8494920044701036
0.8494920044701036 0.4602792197212886
0.4602792197212886 0.8943201346105812
0.8943201346105812 0.3402418731864951
0.3402418731864951 0.8081184273013444
0.8081184273013444 0.5582269251264461
0.5582269251264461 0.8877946506851493
0.8877946506851493 0.35861511203993895
0.35861511203993895 0.8280371284434754
0.8280371284434754 0.5126099125052117
0.5126099125052117 0.8994275643837993
0.8994275643837993 0.325647434917533
0.325647434917533 0.7905642589769908
0.7905642589769908 0.596060681058548
0.596060681058548 0.8667804439964445
0.8667804439964445 0.41569958124637574
0.41569958124637574 0.874416381832669
0.874416381832669 0.3953245428551988
0.3953245428551988 0.8605549752174968
0.8605549752174968 0.43200039544527696
0.43200039544527696 0.8833537936094448
0.8833537936094448 0.37094352813089
0.37094352813089 0.8400399374473115
0.8400399374473115 0.48374222738698247
0.48374222738698247 0.8990484653867883
0.8990484653867883 0.3267371601808172
0.3267371601808172 0.791927958016052
0.791927958016052 0.5932010423828815
0.5932010423828815 0.8687288365154796
0.8687288365154796 0.41054056243898657
0.41054056243898657 0.8711892325125616
0.8711892325125616 0.40398679320024766
0.40398679320024766 0.8668132708321007
0.8668132708321007 0.4156128876292414
0.4156128876292414 0.8743637349566099
0.8743637349566099 0.39546645821761367
0.39546645821761367 0.8606618591127483
0.8606618591127483 0.43172288417281
0.43172288417281 0.8832176476355538
